000000000
000000294
000000532
000000750
000001025
000001286
000001625
000002014
000002466
000002702
000002977
000003287
000003519
000003752
000004042
000004293
000004540
000004798
000005234
000005475
000005721
000006107
000006372
000006753
000007083
000007403
000007669
000007897
000008136
000008374
000008600
000008944
000009186
000009374
000009610
000009854
000010128
000010485
000010765
000011018
000011382
000011832
000012162
000012390
000012812
000013080
000013312
000013610
000013824
000014255
000014584
000014902
000015156
000015447
000015705
000015981
000016435
000016751
000017009
000017288
000017494
000017764
000018208
000018474
000018735
000019048
000019316
000019700
000020011
000020222
000020428
000020878
000021220
000021441
000021903
000022149
000022360
000022628
000022858
000023081
000023407
000023682
000024111
000024377
000024654
000024890
000025201
000025469
000025861
000026165
000026451
000026747
000027114
000027343
000027746
000027987
000028225
000028489
000028703
000028917
